crossing time (s)	slope (V/s)	crossing number
281474976710655.000000	18.708927	3596	0.000000
281474976710655.000000	19.409229	3597	0.000000
281474976710655.000000	16.967415	3598	0.000000
281474976710655.000000	18.964266	3599	0.000000
281474976710655.000000	17.058111	3600	0.000000
281474976710655.000000	19.733557	3601	0.000000
281474976710655.000000	17.326578	3602	0.000000
281474976710655.000000	18.774096	3603	0.000000
281474976710655.000000	17.771605	3604	0.000000
281474976710655.000000	19.306616	3605	0.000000
281474976710655.000000	17.538321	3606	0.000000
281474976710655.000000	18.930899	3607	0.000000
281474976710655.000000	18.657160	3608	0.000000
281474976710655.000000	18.429647	3609	0.000000
281474976710655.000000	18.482273	3610	0.000000
281474976710655.000000	18.133856	3611	0.000000
281474976710655.000000	18.632833	3612	0.000000
281474976710655.000000	18.085022	3613	0.000000
281474976710655.000000	19.581097	3614	0.000000
281474976710655.000000	17.605352	3615	0.000000
281474976710655.000000	18.877514	3616	0.000000
281474976710655.000000	17.929745	3617	0.000000
281474976710655.000000	17.408339	3618	0.000000
281474976710655.000000	18.471857	3619	0.000000
281474976710655.000000	17.684826	3620	0.000000
281474976710655.000000	19.269062	3621	0.000000
281474976710655.000000	17.190355	3622	0.000000
281474976710655.000000	18.940817	3623	0.000000
281474976710655.000000	17.898827	3624	0.000000
281474976710655.000000	18.463522	3625	0.000000
281474976710655.000000	17.898008	3626	0.000000
281474976710655.000000	18.047955	3627	0.000000
281474976710655.000000	17.870176	3628	0.000000
281474976710655.000000	17.863464	3629	0.000000
281474976710655.000000	18.356071	3630	0.000000
281474976710655.000000	17.828476	3631	0.000000
281474976710655.000000	18.325354	3632	0.000000
281474976710655.000000	17.047894	3633	0.000000
281474976710655.000000	18.620356	3634	0.000000
281474976710655.000000	17.141178	3635	0.000000
281474976710655.000000	18.511114	3636	0.000000
281474976710655.000000	17.710501	3637	0.000000
281474976710655.000000	18.534624	3638	0.000000
281474976710655.000000	17.101343	3639	0.000000
281474976710655.000000	17.707918	3640	0.000000
281474976710655.000000	17.344793	3641	0.000000
281474976710655.000000	17.887449	3642	0.000000
281474976710655.000000	17.656942	3643	0.000000
281474976710655.000000	18.272491	3644	0.000000
281474976710655.000000	17.327417	3645	0.000000
281474976710655.000000	17.941860	3646	0.000000
281474976710655.000000	17.497597	3647	0.000000
281474976710655.000000	17.525570	3648	0.000000
281474976710655.000000	17.289692	3649	0.000000
281474976710655.000000	17.186031	3650	0.000000
281474976710655.000000	18.010181	3651	0.000000
281474976710655.000000	17.738565	3652	0.000000
281474976710655.000000	18.130936	3653	0.000000
281474976710655.000000	16.961155	3654	0.000000
281474976710655.000000	17.736231	3655	0.000000
281474976710655.000000	16.974630	3656	0.000000
281474976710655.000000	17.868685	3657	0.000000
281474976710655.000000	16.846745	3658	0.000000
281474976710655.000000	17.585346	3659	0.000000
281474976710655.000000	17.112970	3660	0.000000
281474976710655.000000	17.361609	3661	0.000000
281474976710655.000000	16.626810	3662	0.000000
281474976710655.000000	17.523767	3663	0.000000
281474976710655.000000	17.794668	3664	0.000000
281474976710655.000000	16.921049	3665	0.000000
281474976710655.000000	17.551075	3666	0.000000
281474976710655.000000	17.009773	3667	0.000000
281474976710655.000000	17.527361	3668	0.000000
281474976710655.000000	17.119974	3669	0.000000
281474976710655.000000	17.224287	3670	0.000000
281474976710655.000000	16.838852	3671	0.000000
281474976710655.000000	16.673174	3672	0.000000
281474976710655.000000	17.119728	3673	0.000000
281474976710655.000000	17.065725	3674	0.000000
281474976710655.000000	16.502424	3675	0.000000
281474976710655.000000	16.831888	3676	0.000000
281474976710655.000000	16.253164	3677	0.000000
281474976710655.000000	16.660812	3678	0.000000
281474976710655.000000	17.043537	3679	0.000000
281474976710655.000000	17.241518	3680	0.000000
281474976710655.000000	16.725077	3681	0.000000
281474976710655.000000	16.855343	3682	0.000000
281474976710655.000000	16.612413	3683	0.000000
281474976710655.000000	16.608400	3684	0.000000
281474976710655.000000	16.662853	3685	0.000000
281474976710655.000000	16.712374	3686	0.000000
281474976710655.000000	17.017651	3687	0.000000
281474976710655.000000	16.524860	3688	0.000000
281474976710655.000000	16.184158	3689	0.000000
281474976710655.000000	16.532095	3690	0.000000
281474976710655.000000	16.191629	3691	0.000000
281474976710655.000000	16.501825	3692	0.000000
281474976710655.000000	16.401709	3693	0.000000
281474976710655.000000	16.686794	3694	0.000000
281474976710655.000000	16.582737	3695	0.000000
281474976710655.000000	16.373278	3696	0.000000
281474976710655.000000	16.315975	3697	0.000000
281474976710655.000000	16.340557	3698	0.000000
281474976710655.000000	15.646340	3699	0.000000
281474976710655.000000	15.694465	3700	0.000000
281474976710655.000000	16.058865	3701	0.000000
281474976710655.000000	15.953667	3702	0.000000
281474976710655.000000	17.051662	3703	0.000000
281474976710655.000000	15.941688	3704	0.000000
281474976710655.000000	16.504087	3705	0.000000
281474976710655.000000	15.570132	3706	0.000000
281474976710655.000000	17.423861	3707	0.000000
281474976710655.000000	15.467928	3708	0.000000
281474976710655.000000	16.741072	3709	0.000000
281474976710655.000000	15.656031	3710	0.000000
281474976710655.000000	16.979868	3711	0.000000
281474976710655.000000	16.077576	3712	0.000000
281474976710655.000000	16.400108	3713	0.000000
281474976710655.000000	16.222351	3714	0.000000
281474976710655.000000	16.588463	3715	0.000000
281474976710655.000000	16.694090	3716	0.000000
281474976710655.000000	15.878695	3717	0.000000
281474976710655.000000	15.930409	3718	0.000000
281474976710655.000000	15.532017	3719	0.000000
281474976710655.000000	16.026762	3720	0.000000
281474976710655.000000	15.752895	3721	0.000000
281474976710655.000000	15.948021	3722	0.000000
281474976710655.000000	15.514910	3723	0.000000
281474976710655.000000	16.707729	3724	0.000000
281474976710655.000000	15.366969	3725	0.000000
281474976710655.000000	15.652144	3726	0.000000
281474976710655.000000	15.643306	3727	0.000000
281474976710655.000000	16.133905	3728	0.000000
281474976710655.000000	15.549238	3729	0.000000
281474976710655.000000	16.128717	3730	0.000000
281474976710655.000000	15.417310	3731	0.000000
281474976710655.000000	15.349911	3732	0.000000
281474976710655.000000	15.985342	3733	0.000000
281474976710655.000000	15.108399	3734	0.000000
281474976710655.000000	16.124210	3735	0.000000
281474976710655.000000	15.254246	3736	0.000000
281474976710655.000000	16.116217	3737	0.000000
281474976710655.000000	14.369044	3738	0.000000
281474976710655.000000	16.046911	3739	0.000000
281474976710655.000000	15.210895	3740	0.000000
281474976710655.000000	16.642317	3741	0.000000
281474976710655.000000	15.119153	3742	0.000000
281474976710655.000000	16.287506	3743	0.000000
281474976710655.000000	15.281851	3744	0.000000
281474976710655.000000	16.116753	3745	0.000000
281474976710655.000000	15.614315	3746	0.000000
281474976710655.000000	15.195537	3747	0.000000
281474976710655.000000	15.461298	3748	0.000000
281474976710655.000000	15.517910	3749	0.000000
281474976710655.000000	15.541949	3750	0.000000
281474976710655.000000	15.417467	3751	0.000000
281474976710655.000000	15.246876	3752	0.000000
281474976710655.000000	15.407950	3753	0.000000
281474976710655.000000	16.165842	3754	0.000000
281474976710655.000000	15.390559	3755	0.000000
281474976710655.000000	16.253630	3756	0.000000
281474976710655.000000	15.574768	3757	0.000000
281474976710655.000000	15.459695	3758	0.000000
281474976710655.000000	14.984665	3759	0.000000
281474976710655.000000	15.187082	3760	0.000000
281474976710655.000000	15.307682	3761	0.000000
281474976710655.000000	15.395973	3762	0.000000
281474976710655.000000	14.954281	3763	0.000000
281474976710655.000000	15.679972	3764	0.000000
281474976710655.000000	15.261443	3765	0.000000
281474976710655.000000	15.357641	3766	0.000000
281474976710655.000000	14.624737	3767	0.000000
281474976710655.000000	14.687741	3768	0.000000
281474976710655.000000	15.290127	3769	0.000000
281474976710655.000000	15.341842	3770	0.000000
281474976710655.000000	14.758481	3771	0.000000
281474976710655.000000	15.116557	3772	0.000000
281474976710655.000000	15.217665	3773	0.000000
281474976710655.000000	15.393516	3774	0.000000
281474976710655.000000	15.464232	3775	0.000000
281474976710655.000000	14.829257	3776	0.000000
281474976710655.000000	14.766212	3777	0.000000
281474976710655.000000	14.461634	3778	0.000000
281474976710655.000000	14.797357	3779	0.000000
281474976710655.000000	14.934886	3780	0.000000
281474976710655.000000	14.773536	3781	0.000000
281474976710655.000000	14.206370	3782	0.000000
281474976710655.000000	15.151258	3783	0.000000
281474976710655.000000	14.494918	3784	0.000000
281474976710655.000000	15.216153	3785	0.000000
281474976710655.000000	14.160044	3786	0.000000
281474976710655.000000	15.122459	3787	0.000000
281474976710655.000000	13.672821	3788	0.000000
281474976710655.000000	15.404510	3789	0.000000
281474976710655.000000	14.155113	3790	0.000000
281474976710655.000000	15.256141	3791	0.000000
281474976710655.000000	14.547069	3792	0.000000
281474976710655.000000	14.856576	3793	0.000000
281474976710655.000000	14.416145	3794	0.000000
281474976710655.000000	14.767925	3795	0.000000
281474976710655.000000	14.760247	3796	0.000000
281474976710655.000000	14.713651	3797	0.000000
281474976710655.000000	14.292971	3798	0.000000
281474976710655.000000	14.808555	3799	0.000000
281474976710655.000000	14.025155	3800	0.000000
281474976710655.000000	14.574160	3801	0.000000
281474976710655.000000	14.393267	3802	0.000000
281474976710655.000000	14.182228	3803	0.000000
281474976710655.000000	14.797862	3804	0.000000
281474976710655.000000	14.309395	3805	0.000000
281474976710655.000000	15.085436	3806	0.000000
281474976710655.000000	14.239666	3807	0.000000
281474976710655.000000	13.908276	3808	0.000000
281474976710655.000000	14.720879	3809	0.000000
281474976710655.000000	13.586480	3810	0.000000
281474976710655.000000	14.550545	3811	0.000000
281474976710655.000000	13.418736	3812	0.000000
281474976710655.000000	14.335630	3813	0.000000
281474976710655.000000	13.415618	3814	0.000000
281474976710655.000000	14.213544	3815	0.000000
281474976710655.000000	13.761084	3816	0.000000
281474976710655.000000	15.203507	3817	0.000000
281474976710655.000000	13.487431	3818	0.000000
281474976710655.000000	14.603182	3819	0.000000
281474976710655.000000	13.174364	3820	0.000000
281474976710655.000000	14.497066	3821	0.000000
281474976710655.000000	13.459546	3822	0.000000
281474976710655.000000	14.047229	3823	0.000000
281474976710655.000000	13.653279	3824	0.000000
281474976710655.000000	13.892141	3825	0.000000
281474976710655.000000	14.067963	3826	0.000000
281474976710655.000000	13.845524	3827	0.000000
281474976710655.000000	13.582608	3828	0.000000
281474976710655.000000	13.906854	3829	0.000000
281474976710655.000000	14.123352	3830	0.000000
281474976710655.000000	13.493764	3831	0.000000
281474976710655.000000	13.965512	3832	0.000000
281474976710655.000000	13.465869	3833	0.000000
281474976710655.000000	14.023895	3834	0.000000
281474976710655.000000	13.527876	3835	0.000000
281474976710655.000000	13.749354	3836	0.000000
281474976710655.000000	13.629054	3837	0.000000
281474976710655.000000	13.467630	3838	0.000000
281474976710655.000000	13.677575	3839	0.000000
281474976710655.000000	13.588372	3840	0.000000
281474976710655.000000	13.320798	3841	0.000000
281474976710655.000000	13.004013	3842	0.000000
281474976710655.000000	13.367661	3843	0.000000
281474976710655.000000	13.391761	3844	0.000000
281474976710655.000000	13.438033	3845	0.000000
281474976710655.000000	13.194862	3846	0.000000
281474976710655.000000	13.851436	3847	0.000000
281474976710655.000000	13.628394	3848	0.000000
281474976710655.000000	14.028135	3849	0.000000
281474976710655.000000	13.132680	3850	0.000000
281474976710655.000000	13.890372	3851	0.000000
281474976710655.000000	12.933134	3852	0.000000
281474976710655.000000	13.515077	3853	0.000000
281474976710655.000000	13.325289	3854	0.000000
281474976710655.000000	13.839002	3855	0.000000
281474976710655.000000	12.502616	3856	0.000000
281474976710655.000000	13.818304	3857	0.000000
281474976710655.000000	12.381904	3858	0.000000
281474976710655.000000	13.697987	3859	0.000000
281474976710655.000000	12.367782	3860	0.000000
281474976710655.000000	13.498443	3861	0.000000
281474976710655.000000	12.482038	3862	0.000000
281474976710655.000000	13.484811	3863	0.000000
281474976710655.000000	12.891861	3864	0.000000
281474976710655.000000	13.313114	3865	0.000000
281474976710655.000000	13.037036	3866	0.000000
281474976710655.000000	13.548220	3867	0.000000
281474976710655.000000	13.220373	3868	0.000000
281474976710655.000000	13.751264	3869	0.000000
281474976710655.000000	12.880858	3870	0.000000
281474976710655.000000	13.185308	3871	0.000000
281474976710655.000000	13.231485	3872	0.000000
281474976710655.000000	12.692318	3873	0.000000
281474976710655.000000	12.590170	3874	0.000000
281474976710655.000000	12.923335	3875	0.000000
281474976710655.000000	13.335546	3876	0.000000
281474976710655.000000	13.413994	3877	0.000000
281474976710655.000000	12.467663	3878	0.000000
281474976710655.000000	13.282907	3879	0.000000
281474976710655.000000	12.575330	3880	0.000000
281474976710655.000000	12.903070	3881	0.000000
281474976710655.000000	12.733806	3882	0.000000
281474976710655.000000	13.692918	3883	0.000000
281474976710655.000000	12.664153	3884	0.000000
281474976710655.000000	13.192761	3885	0.000000
281474976710655.000000	12.313852	3886	0.000000
281474976710655.000000	12.785184	3887	0.000000
281474976710655.000000	12.129313	3888	0.000000
281474976710655.000000	13.652580	3889	0.000000
