crossing time (s)	slope (V/s)	crossing number
281474976710655.000000	35.527164	1150	0.000000
281474976710655.000000	37.882557	1151	0.000000
281474976710655.000000	37.877960	1152	0.000000
281474976710655.000000	37.713898	1153	0.000000
281474976710655.000000	36.853924	1154	0.000000
281474976710655.000000	41.182472	1155	0.000000
281474976710655.000000	53.212170	1156	0.000000
281474976710655.000000	35.966972	1157	0.000000
281474976710655.000000	54.952305	1158	0.000000
281474976710655.000000	33.911076	1159	0.000000
281474976710655.000000	32.842236	1160	0.000000
281474976710655.000000	34.678665	1161	0.000000
281474976710655.000000	50.675045	1162	0.000000
281474976710655.000000	42.345459	1163	0.000000
281474976710655.000000	50.844997	1164	0.000000
281474976710655.000000	41.904652	1165	0.000000
281474976710655.000000	32.080723	1166	0.000000
281474976710655.000000	34.291626	1167	0.000000
281474976710655.000000	43.311878	1168	0.000000
281474976710655.000000	54.381088	1169	0.000000
281474976710655.000000	32.165680	1170	0.000000
281474976710655.000000	39.599403	1171	0.000000
281474976710655.000000	50.343746	1172	0.000000
281474976710655.000000	41.863201	1173	0.000000
281474976710655.000000	42.635395	1174	0.000000
281474976710655.000000	30.896984	1175	0.000000
281474976710655.000000	44.903496	1176	0.000000
281474976710655.000000	56.335636	1177	0.000000
281474976710655.000000	38.484413	1178	0.000000
281474976710655.000000	32.567692	1179	0.000000
281474976710655.000000	31.699736	1180	0.000000
281474976710655.000000	55.686951	1181	0.000000
281474976710655.000000	48.187283	1182	0.000000
281474976710655.000000	42.338776	1183	0.000000
281474976710655.000000	31.707912	1184	0.000000
281474976710655.000000	36.396797	1185	0.000000
281474976710655.000000	50.187340	1186	0.000000
281474976710655.000000	50.762577	1187	0.000000
281474976710655.000000	48.852852	1188	0.000000
281474976710655.000000	39.513180	1189	0.000000
281474976710655.000000	38.889736	1190	0.000000
281474976710655.000000	35.566734	1191	0.000000
281474976710655.000000	36.303989	1192	0.000000
281474976710655.000000	41.989677	1193	0.000000
281474976710655.000000	38.673668	1194	0.000000
281474976710655.000000	39.417969	1195	0.000000
281474976710655.000000	49.712795	1196	0.000000
281474976710655.000000	41.511112	1197	0.000000
281474976710655.000000	31.944561	1198	0.000000
281474976710655.000000	34.155704	1199	0.000000
281474976710655.000000	37.575176	1200	0.000000
281474976710655.000000	32.150208	1201	0.000000
281474976710655.000000	36.947010	1202	0.000000
281474976710655.000000	51.078571	1203	0.000000
281474976710655.000000	38.725719	1204	0.000000
281474976710655.000000	36.404160	1205	0.000000
281474976710655.000000	38.094921	1206	0.000000
281474976710655.000000	32.776180	1207	0.000000
281474976710655.000000	33.507805	1208	0.000000
281474976710655.000000	36.107586	1209	0.000000
281474976710655.000000	36.358727	1210	0.000000
281474976710655.000000	41.275806	1211	0.000000
281474976710655.000000	48.487770	1212	0.000000
281474976710655.000000	35.040024	1213	0.000000
281474976710655.000000	32.516880	1214	0.000000
281474976710655.000000	41.941994	1215	0.000000
281474976710655.000000	48.374195	1216	0.000000
281474976710655.000000	39.166878	1217	0.000000
281474976710655.000000	40.061104	1218	0.000000
281474976710655.000000	37.152744	1219	0.000000
281474976710655.000000	37.141541	1220	0.000000
281474976710655.000000	31.311722	1221	0.000000
281474976710655.000000	35.022209	1222	0.000000
281474976710655.000000	31.825180	1223	0.000000
281474976710655.000000	35.833282	1224	0.000000
281474976710655.000000	31.567390	1225	0.000000
281474976710655.000000	34.046738	1226	0.000000
281474976710655.000000	43.060043	1227	0.000000
281474976710655.000000	33.876976	1228	0.000000
281474976710655.000000	31.459345	1229	0.000000
281474976710655.000000	38.089577	1230	0.000000
281474976710655.000000	41.432896	1231	0.000000
281474976710655.000000	36.736408	1232	0.000000
281474976710655.000000	35.853825	1233	0.000000
281474976710655.000000	32.306217	1234	0.000000
281474976710655.000000	51.840054	1235	0.000000
281474976710655.000000	36.624767	1236	0.000000
281474976710655.000000	37.882778	1237	0.000000
281474976710655.000000	42.184292	1238	0.000000
281474976710655.000000	46.473438	1239	0.000000
281474976710655.000000	32.466492	1240	0.000000
281474976710655.000000	34.848190	1241	0.000000
281474976710655.000000	30.596497	1242	0.000000
281474976710655.000000	46.065865	1243	0.000000
281474976710655.000000	46.514839	1244	0.000000
281474976710655.000000	39.012039	1245	0.000000
281474976710655.000000	36.118507	1246	0.000000
281474976710655.000000	36.296577	1247	0.000000
281474976710655.000000	35.168079	1248	0.000000
281474976710655.000000	36.673237	1249	0.000000
281474976710655.000000	29.292477	1250	0.000000
281474976710655.000000	32.165192	1251	0.000000
281474976710655.000000	49.317673	1252	0.000000
281474976710655.000000	36.801666	1253	0.000000
281474976710655.000000	31.757656	1254	0.000000
281474976710655.000000	42.473289	1255	0.000000
281474976710655.000000	36.235764	1256	0.000000
281474976710655.000000	46.742470	1257	0.000000
281474976710655.000000	36.270702	1258	0.000000
281474976710655.000000	41.253223	1259	0.000000
281474976710655.000000	34.400265	1260	0.000000
281474976710655.000000	34.123093	1261	0.000000
281474976710655.000000	43.501141	1262	0.000000
281474976710655.000000	38.031590	1263	0.000000
281474976710655.000000	34.193840	1264	0.000000
281474976710655.000000	37.040874	1265	0.000000
281474976710655.000000	28.369814	1266	0.000000
281474976710655.000000	33.657291	1267	0.000000
281474976710655.000000	37.098373	1268	0.000000
281474976710655.000000	46.340389	1269	0.000000
281474976710655.000000	39.153656	1270	0.000000
281474976710655.000000	32.308804	1271	0.000000
281474976710655.000000	27.909410	1272	0.000000
281474976710655.000000	37.113678	1273	0.000000
281474976710655.000000	27.255674	1274	0.000000
281474976710655.000000	34.906006	1275	0.000000
281474976710655.000000	27.086731	1276	0.000000
281474976710655.000000	47.056599	1277	0.000000
281474976710655.000000	34.763168	1278	0.000000
281474976710655.000000	36.196823	1279	0.000000
281474976710655.000000	32.992775	1280	0.000000
281474976710655.000000	38.482887	1281	0.000000
281474976710655.000000	33.846737	1282	0.000000
281474976710655.000000	39.816845	1283	0.000000
281474976710655.000000	35.733681	1284	0.000000
281474976710655.000000	41.484657	1285	0.000000
281474976710655.000000	26.553318	1286	0.000000
281474976710655.000000	30.653706	1287	0.000000
281474976710655.000000	36.569416	1288	0.000000
281474976710655.000000	36.243553	1289	0.000000
281474976710655.000000	30.496098	1290	0.000000
281474976710655.000000	37.457081	1291	0.000000
281474976710655.000000	28.621927	1292	0.000000
281474976710655.000000	35.163509	1293	0.000000
281474976710655.000000	37.747807	1294	0.000000
281474976710655.000000	28.833820	1295	0.000000
281474976710655.000000	29.491335	1296	0.000000
281474976710655.000000	32.710445	1297	0.000000
281474976710655.000000	31.908943	1298	0.000000
281474976710655.000000	28.903839	1299	0.000000
281474976710655.000000	38.165588	1300	0.000000
281474976710655.000000	37.671993	1301	0.000000
281474976710655.000000	26.655939	1302	0.000000
281474976710655.000000	29.255001	1303	0.000000
281474976710655.000000	34.370834	1304	0.000000
281474976710655.000000	32.314098	1305	0.000000
281474976710655.000000	36.256237	1306	0.000000
281474976710655.000000	33.059750	1307	0.000000
281474976710655.000000	25.738140	1308	0.000000
281474976710655.000000	38.927399	1309	0.000000
281474976710655.000000	29.757172	1310	0.000000
281474976710655.000000	37.104404	1311	0.000000
281474976710655.000000	34.178127	1312	0.000000
281474976710655.000000	33.522942	1313	0.000000
281474976710655.000000	36.671795	1314	0.000000
281474976710655.000000	27.952330	1315	0.000000
281474976710655.000000	29.524191	1316	0.000000
281474976710655.000000	35.924812	1317	0.000000
281474976710655.000000	35.176296	1318	0.000000
281474976710655.000000	30.017918	1319	0.000000
281474976710655.000000	28.808195	1320	0.000000
281474976710655.000000	34.951363	1321	0.000000
281474976710655.000000	27.554361	1322	0.000000
281474976710655.000000	32.764404	1323	0.000000
281474976710655.000000	28.528067	1324	0.000000
281474976710655.000000	31.876741	1325	0.000000
281474976710655.000000	31.114202	1326	0.000000
281474976710655.000000	37.011330	1327	0.000000
281474976710655.000000	31.281567	1328	0.000000
281474976710655.000000	30.181227	1329	0.000000
281474976710655.000000	30.960419	1330	0.000000
281474976710655.000000	26.927042	1331	0.000000
281474976710655.000000	32.539146	1332	0.000000
281474976710655.000000	36.557045	1333	0.000000
281474976710655.000000	24.846064	1334	0.000000
281474976710655.000000	31.412722	1335	0.000000
281474976710655.000000	25.837690	1336	0.000000
281474976710655.000000	31.669445	1337	0.000000
281474976710655.000000	32.400551	1338	0.000000
281474976710655.000000	26.861330	1339	0.000000
281474976710655.000000	24.929379	1340	0.000000
281474976710655.000000	31.617523	1341	0.000000
281474976710655.000000	34.315289	1342	0.000000
281474976710655.000000	29.169025	1343	0.000000
281474976710655.000000	33.393089	1344	0.000000
281474976710655.000000	29.323795	1345	0.000000
281474976710655.000000	32.585808	1346	0.000000
281474976710655.000000	32.280174	1347	0.000000
281474976710655.000000	39.225395	1348	0.000000
281474976710655.000000	28.207506	1349	0.000000
281474976710655.000000	29.178638	1350	0.000000
281474976710655.000000	27.952715	1351	0.000000
281474976710655.000000	28.813416	1352	0.000000
281474976710655.000000	30.449184	1353	0.000000
281474976710655.000000	34.053600	1354	0.000000
281474976710655.000000	32.402119	1355	0.000000
281474976710655.000000	29.803127	1356	0.000000
281474976710655.000000	34.018055	1357	0.000000
281474976710655.000000	28.602457	1358	0.000000
281474976710655.000000	31.586798	1359	0.000000
281474976710655.000000	28.578421	1360	0.000000
281474976710655.000000	30.580511	1361	0.000000
281474976710655.000000	27.058193	1362	0.000000
281474976710655.000000	30.995586	1363	0.000000
281474976710655.000000	30.946957	1364	0.000000
281474976710655.000000	28.104086	1365	0.000000
281474976710655.000000	26.139015	1366	0.000000
281474976710655.000000	30.603334	1367	0.000000
281474976710655.000000	29.682350	1368	0.000000
281474976710655.000000	30.457502	1369	0.000000
281474976710655.000000	30.161100	1370	0.000000
281474976710655.000000	25.950842	1371	0.000000
281474976710655.000000	28.515722	1372	0.000000
281474976710655.000000	32.678261	1373	0.000000
281474976710655.000000	34.113789	1374	0.000000
281474976710655.000000	30.547258	1375	0.000000
281474976710655.000000	26.954363	1376	0.000000
281474976710655.000000	32.886520	1377	0.000000
281474976710655.000000	31.231567	1378	0.000000
281474976710655.000000	28.525593	1379	0.000000
281474976710655.000000	27.843065	1380	0.000000
281474976710655.000000	28.663666	1381	0.000000
281474976710655.000000	26.721924	1382	0.000000
281474976710655.000000	29.929018	1383	0.000000
281474976710655.000000	29.549038	1384	0.000000
281474976710655.000000	29.535427	1385	0.000000
281474976710655.000000	30.675013	1386	0.000000
281474976710655.000000	28.041586	1387	0.000000
281474976710655.000000	26.455654	1388	0.000000
281474976710655.000000	27.448156	1389	0.000000
281474976710655.000000	26.806297	1390	0.000000
281474976710655.000000	27.227289	1391	0.000000
281474976710655.000000	29.093603	1392	0.000000
281474976710655.000000	24.098618	1393	0.000000
281474976710655.000000	27.992905	1394	0.000000
281474976710655.000000	29.778500	1395	0.000000
281474976710655.000000	26.751711	1396	0.000000
281474976710655.000000	32.753815	1397	0.000000
281474976710655.000000	26.626976	1398	0.000000
281474976710655.000000	25.841291	1399	0.000000
281474976710655.000000	23.826004	1400	0.000000
281474976710655.000000	26.611824	1401	0.000000
281474976710655.000000	23.894424	1402	0.000000
281474976710655.000000	29.717424	1403	0.000000
281474976710655.000000	25.968300	1404	0.000000
281474976710655.000000	25.980637	1405	0.000000
281474976710655.000000	26.623392	1406	0.000000
281474976710655.000000	33.002220	1407	0.000000
281474976710655.000000	27.320757	1408	0.000000
281474976710655.000000	33.361176	1409	0.000000
281474976710655.000000	24.156452	1410	0.000000
281474976710655.000000	24.099537	1411	0.000000
281474976710655.000000	28.347752	1412	0.000000
281474976710655.000000	29.986280	1413	0.000000
281474976710655.000000	27.147709	1414	0.000000
281474976710655.000000	32.582977	1415	0.000000
281474976710655.000000	26.311617	1416	0.000000
281474976710655.000000	26.748087	1417	0.000000
281474976710655.000000	25.358788	1418	0.000000
281474976710655.000000	29.575941	1419	0.000000
281474976710655.000000	25.552670	1420	0.000000
281474976710655.000000	30.340017	1421	0.000000
281474976710655.000000	28.171112	1422	0.000000
281474976710655.000000	27.187702	1423	0.000000
281474976710655.000000	28.947544	1424	0.000000
281474976710655.000000	25.478685	1425	0.000000
281474976710655.000000	25.044697	1426	0.000000
281474976710655.000000	25.984814	1427	0.000000
281474976710655.000000	29.732058	1428	0.000000
281474976710655.000000	25.828260	1429	0.000000
281474976710655.000000	27.284897	1430	0.000000
281474976710655.000000	27.323223	1431	0.000000
281474976710655.000000	30.277742	1432	0.000000
281474976710655.000000	28.815762	1433	0.000000
281474976710655.000000	24.963591	1434	0.000000
281474976710655.000000	23.769838	1435	0.000000
281474976710655.000000	25.640497	1436	0.000000
281474976710655.000000	24.876450	1437	0.000000
281474976710655.000000	26.415154	1438	0.000000
281474976710655.000000	25.389357	1439	0.000000
281474976710655.000000	27.375568	1440	0.000000
281474976710655.000000	24.872019	1441	0.000000
281474976710655.000000	30.160355	1442	0.000000
281474976710655.000000	22.819565	1443	0.000000
281474976710655.000000	25.806803	1444	0.000000
281474976710655.000000	22.690113	1445	0.000000
281474976710655.000000	25.983744	1446	0.000000
281474976710655.000000	26.508396	1447	0.000000
281474976710655.000000	25.264133	1448	0.000000
281474976710655.000000	24.751379	1449	0.000000
281474976710655.000000	25.052990	1450	0.000000
281474976710655.000000	24.951904	1451	0.000000
281474976710655.000000	23.119471	1452	0.000000
281474976710655.000000	23.022266	1453	0.000000
